06915924183938786894117615 
20169631317592843734734832
 66027483485536712565561678
 64704316121686927432329479 
13540741334996277344727979 
94592098488246875377698334
  68387901379564934213653657
 17745210924379293872611382
 93959353021624356127754296
 14476396902577889623397251
 37947329330814434945331299
 39975611718082988877593499
 61256868895702134852255485
 34595929472680963212496331
 82425549221359036471919342
 72696564368959404919899246
 86953973956597580833781191
 96863689946622923066556657
 32956523842627652702126531 
62757851543755689950793589
 58289551464213329866042525
 33445988376922971772708422
 72551677427724998614330712
 38543373848266379386756013
 45874696735512548993457206
 16451273698497312683338120
 
 abb
acd
